samples  13610
samples  17189
samples  6532
FPS z = $2.2$ - $4.6$
\begin{tabular} { l  c}

 Parameter &  68\% limits\\
\hline
{\boldmath$d\tau_0        $} & $-0.270\pm 0.029           $\\

{\boldmath$\tau_0         $} & $1.221^{+0.021}_{-0.012}   $\\

{\boldmath$n_\mathrm{P}   $} & $0.898^{+0.012}_{-0.013}   $\\

{\boldmath$A_\mathrm{P}/10^{-9}$} & $< 1.33\cdot 10^{-9}       $\\

{\boldmath$z^{HeII}_i     $} & $> 4.07                    $\\

{\boldmath$z^{HeII}_f     $} & $< 2.70                    $\\

{\boldmath$\alpha_{q}     $} & $> 2.85                    $\\

{\boldmath$v_\mathrm{scale}$} & $0.6952^{+0.0063}_{-0.0073}$\\

{\boldmath$\Omega_M h^2   $} & $< 0.141                   $\\

{\boldmath$z^{HI}         $} & $7.28\pm 0.37              $\\

{\boldmath$\epsilon_{AGN} $} & $0.0443\pm 0.0034          $\\

{\boldmath$\alpha_{lls}   $} & $0.042\pm 0.018            $\\

{\boldmath$\alpha_{dla}   $} & $-0.0087\pm 0.0034         $\\

{\boldmath$fSiIII         $} & $0.00883\pm 0.00039        $\\

$\chi^2                    $ & $1115.6\pm 5.4             $\\

$\chi^2_\mathrm{lyaemu.likelihood.CobayaLikelihoodClass}$ & $1115.6\pm 5.4             $\\

$A_\mathrm{s}/10^{-9}      $ & $1.726^{+0.076}_{-0.11}    $\\

$\sigma_8                  $ & $0.715^{+0.015}_{-0.022}   $\\

$\Delta_L^2                $ & $0.2316^{+0.0080}_{-0.016} $\\

$n_\mathrm{eff}            $ & $-2.376^{+0.012}_{-0.013}  $\\
\hline
\end{tabular}
\begin{tabular} { l  c}

 Parameter &  95\% limits\\
\hline
{\boldmath$d\tau_0        $} & $-0.270^{+0.057}_{-0.057}  $\\

{\boldmath$\tau_0         $} & $> 1.19                    $\\

{\boldmath$n_\mathrm{P}   $} & $0.898^{+0.025}_{-0.023}   $\\

{\boldmath$A_\mathrm{P}/10^{-9}$} & $< 1.44\cdot 10^{-9}       $\\

{\boldmath$z^{HeII}_i     $} & $> 4.01                    $\\

{\boldmath$z^{HeII}_f     $} & $< 2.83                    $\\

{\boldmath$\alpha_{q}     $} & $> 2.65                    $\\

{\boldmath$v_\mathrm{scale}$} & $0.695^{+0.015}_{-0.014}   $\\

{\boldmath$\Omega_M h^2   $} & $< 0.142                   $\\

{\boldmath$z^{HI}         $} & ---                         \\

{\boldmath$\epsilon_{AGN} $} & $0.0443^{+0.0067}_{-0.0066}$\\

{\boldmath$\alpha_{lls}   $} & $0.042^{+0.036}_{-0.036}   $\\

{\boldmath$\alpha_{dla}   $} & $-0.0087^{+0.0067}_{-0.0066}$\\

{\boldmath$fSiIII         $} & $0.00883^{+0.00076}_{-0.00076}$\\

$\chi^2                    $ & $1115.6\,({\nu\rm{:}\,14.7})$\\

$\chi^2_\mathrm{lyaemu.likelihood.CobayaLikelihoodClass}$ & $1115.6\,({\nu\rm{:}\,14.7})$\\

$A_\mathrm{s}/10^{-9}      $ & $1.73^{+0.19}_{-0.17}      $\\

$\sigma_8                  $ & $0.715^{+0.038}_{-0.034}   $\\

$\Delta_L^2                $ & $0.232^{+0.027}_{-0.021}   $\\

$n_\mathrm{eff}            $ & $-2.376^{+0.025}_{-0.024}  $\\
\hline
\end{tabular}
[[ 1.         -0.18762044  0.16444155  0.09403245 -0.10396396 -0.18533551
  -0.07428717 -0.19363909  0.05832667  0.32684476  0.02306393  0.35982572
  -0.25696613  0.01544909  0.04531151  0.04531151 -0.00784932  0.0616608
   0.1575617   0.18358295]
 [-0.18762044  1.         -0.62306437 -0.83395262  0.10309033  0.12395547
  -0.0658046  -0.00216696 -0.06108423  0.53385415  0.04906088 -0.16201321
  -0.23388608  0.03802698 -0.21597343 -0.21597343 -0.4435121  -0.57699186
  -0.8135804  -0.62522613]
 [ 0.16444155 -0.62306437  1.          0.30199315 -0.08306047 -0.13899348
   0.12592477  0.01426932 -0.03430845 -0.53579198 -0.01941351  0.60911956
   0.02468411 -0.05926949  0.03124983  0.03124983 -0.31811907 -0.16718279
   0.25788323  0.99485586]
 [ 0.09403245 -0.83395262  0.30199315  1.         -0.09220099 -0.10986841
   0.192812    0.06289026 -0.11856562 -0.30884213 -0.05245393 -0.27873515
   0.45451642  0.01059545  0.14514484  0.14514484  0.80717807  0.86563444
   0.93430759  0.28925641]
 [-0.10396396  0.10309033 -0.08306047 -0.09220099  1.          0.05629559
  -0.05426676 -0.0342147  -0.05510561  0.08228584  0.01153613 -0.00100501
  -0.0636368   0.00417904 -0.35737147 -0.35737147 -0.04045356 -0.05792156
  -0.08842599 -0.0832724 ]
 [-0.18533551  0.12395547 -0.13899348 -0.10986841  0.05629559  1.
  -0.10345068  0.07904206 -0.07945917  0.16079922 -0.0316534  -0.03358254
  -0.04890754  0.01341745  0.2783001   0.2783001  -0.02358032 -0.07270444
  -0.14232071 -0.14993651]
 [-0.07428717 -0.0658046   0.12592477  0.192812   -0.05426676 -0.10345068
   1.          0.04519126 -0.00578177 -0.16393283 -0.00436296  0.0114348
   0.04470111  0.00215103 -0.29210438 -0.29210438  0.11478402  0.13250283
   0.17165538  0.12162134]
 [-0.19363909 -0.00216696  0.01426932  0.06289026 -0.0342147   0.07904206
   0.04519126  1.          0.00124289 -0.09960954 -0.03984908 -0.00730325
  -0.06653478  0.07386273  0.07782984  0.07782984  0.0552519  -0.11581609
  -0.24328801 -0.06850558]
 [ 0.05832667 -0.06108423 -0.03430845 -0.11856562 -0.05510561 -0.07945917
  -0.00578177  0.00124289  1.          0.02630445  0.00813568 -0.02615633
   0.08115265 -0.05487458  0.21342803  0.21342803 -0.09655469  0.02813266
   0.07059562  0.02415317]
 [ 0.32684476  0.53385415 -0.53579198 -0.30884213  0.08228584  0.16079922
  -0.16393283 -0.09960954  0.02630445  1.          0.0664743  -0.16114183
  -0.18470061  0.0775204   0.00810768  0.00810768  0.02468532 -0.04573836
  -0.2533223  -0.52494325]
 [ 0.02306393  0.04906088 -0.01941351 -0.05245393  0.01153613 -0.0316534
  -0.00436296 -0.03984908  0.00813568  0.0664743   1.          0.00691041
   0.03726373  0.02273291  0.0082217   0.0082217  -0.04018428 -0.0373993
  -0.03724615 -0.01559674]
 [ 0.35982572 -0.16201321  0.60911956 -0.27873515 -0.00100501 -0.03358254
   0.0114348  -0.00730325 -0.02615633 -0.16114183  0.00691041  1.
  -0.6564325  -0.07245008 -0.05364641 -0.05364641 -0.65367431 -0.57918776
  -0.29464578  0.60699996]
 [-0.25696613 -0.23388608  0.02468411  0.45451642 -0.0636368  -0.04890754
   0.04470111 -0.06653478  0.08115265 -0.18470061  0.03726373 -0.6564325
   1.          0.13138444  0.10435831  0.10435831  0.43638073  0.48187166
   0.48217112  0.0348839 ]
 [ 0.01544909  0.03802698 -0.05926949  0.01059545  0.00417904  0.01341745
   0.00215103  0.07386273 -0.05487458  0.0775204   0.02273291 -0.07245008
   0.13138444  1.          0.0056481   0.0056481   0.04761084  0.01908521
  -0.02094603 -0.06848082]
 [ 0.04531151 -0.21597343  0.03124983  0.14514484 -0.35737147  0.2783001
  -0.29210438  0.07782984  0.21342803  0.00810768  0.0082217  -0.05364641
   0.10435831  0.0056481   1.          1.          0.12819303  0.14956163
   0.158916    0.03713906]
 [ 0.04531151 -0.21597343  0.03124983  0.14514484 -0.35737147  0.2783001
  -0.29210438  0.07782984  0.21342803  0.00810768  0.0082217  -0.05364641
   0.10435831  0.0056481   1.          1.          0.12819303  0.14956163
   0.158916    0.03713906]
 [-0.00784932 -0.4435121  -0.31811907  0.80717807 -0.04045356 -0.02358032
   0.11478402  0.0552519  -0.09655469  0.02468532 -0.04018428 -0.65367431
   0.43638073  0.04761084  0.12819303  0.12819303  1.          0.96407763
   0.76877563 -0.32772275]
 [ 0.0616608  -0.57699186 -0.16718279  0.86563444 -0.05792156 -0.07270444
   0.13250283 -0.11581609  0.02813266 -0.04573836 -0.0373993  -0.57918776
   0.48187166  0.01908521  0.14956163  0.14956163  0.96407763  1.
   0.89756262 -0.15561782]
 [ 0.1575617  -0.8135804   0.25788323  0.93430759 -0.08842599 -0.14232071
   0.17165538 -0.24328801  0.07059562 -0.2533223  -0.03724615 -0.29464578
   0.48217112 -0.02094603  0.158916    0.158916    0.76877563  0.89756262
   1.          0.28165672]
 [ 0.18358295 -0.62522613  0.99485586  0.28925641 -0.0832724  -0.14993651
   0.12162134 -0.06850558  0.02415317 -0.52494325 -0.01559674  0.60699996
   0.0348839  -0.06848082  0.03713906  0.03713906 -0.32772275 -0.15561782
   0.28165672  1.        ]]
PCA for parameters:
         3 :ln(n_\mathrm{P})
         4 :ln(A_\mathrm{P}/10^{-9})
         5 :ln(z^{HeII}_i)
         6 :ln(z^{HeII}_f)
         7 :ln(\alpha_{q})
         8 :ln(v_\mathrm{scale})
         9 :ln(\Omega_M h^2)
        10 :ln(z^{HI})
         2 :ln(\tau_0)
         1 :d\tau_0
        12 :\alpha_{lls}
        13 :\alpha_{dla}
        14 :ln(fSiIII)

Correlation matrix for reduced parameters
          ns :  1.0000  0.2998 -0.0830 -0.1392  0.1247  0.0145 -0.0345 -0.5364 -0.6219  0.1647  0.6095  0.0242 -0.0594
          Ap :  0.2998  1.0000 -0.0927 -0.1104  0.1926  0.0629 -0.1185 -0.3106 -0.8342  0.0942 -0.2800  0.4551  0.0106
       herei : -0.0830 -0.0927  1.0000  0.0566 -0.0543 -0.0339 -0.0550  0.0827  0.1031 -0.1041 -0.0009 -0.0637  0.0045
       heref : -0.1392 -0.1104  0.0566  1.0000 -0.1035  0.0786 -0.0795  0.1600  0.1246 -0.1850 -0.0333 -0.0495  0.0139
      alphaq :  0.1247  0.1926 -0.0543 -0.1035  1.0000  0.0455 -0.0056 -0.1621 -0.0646 -0.0747  0.0107  0.0450  0.0020
         hub :  0.0145  0.0629 -0.0339  0.0786  0.0455  1.0000  0.0012 -0.1005 -0.0020 -0.1937 -0.0068 -0.0669  0.0737
    omegamh2 : -0.0345 -0.1185 -0.0550 -0.0795 -0.0056  0.0012  1.0000  0.0264 -0.0604  0.0583 -0.0262  0.0811 -0.0555
    hireionz : -0.5364 -0.3106  0.0827  0.1600 -0.1621 -0.1005  0.0264  1.0000  0.5371  0.3282 -0.1607 -0.1857  0.0769
        tau0 : -0.6219 -0.8342  0.1031  0.1246 -0.0646 -0.0020 -0.0604  0.5371  1.0000 -0.1869 -0.1610 -0.2346  0.0388
       dtau0 :  0.1647  0.0942 -0.1041 -0.1850 -0.0747 -0.1937  0.0583  0.3282 -0.1869  1.0000  0.3598 -0.2570  0.0146
       a_lls :  0.6095 -0.2800 -0.0009 -0.0333  0.0107 -0.0068 -0.0262 -0.1607 -0.1610  0.3598  1.0000 -0.6564 -0.0727
       a_dla :  0.0242  0.4551 -0.0637 -0.0495  0.0450 -0.0669  0.0811 -0.1857 -0.2346 -0.2570 -0.6564  1.0000  0.1314
      fSiIII : -0.0594  0.0106  0.0045  0.0139  0.0020  0.0737 -0.0555  0.0769  0.0388  0.0146 -0.0727  0.1314  1.0000

e-values of correlation matrix
PC 1:   0.0175
PC 2:   0.0722
PC 3:   0.2477
PC 4:   0.4310
PC 5:   0.8199
PC 6:   0.8698
PC 7:   0.9418
PC 8:   1.0068
PC 9:   1.0605
PC10:   1.1196
PC11:   1.3916
PC12:   2.1781
PC13:   2.8435

e-vectors
  3: -0.0388 -0.5479  0.2643 -0.5165 -0.1272  0.1316 -0.1130 -0.0352  0.0431 -0.0371 -0.1276  0.2994 -0.4528
  4:  0.6406 -0.0789  0.2063  0.2359  0.0742 -0.2861  0.1488 -0.0110  0.0015 -0.2476  0.1954 -0.2613 -0.4557
  5:  0.0002 -0.0104 -0.0823 -0.0527  0.0293 -0.4761 -0.5794  0.2899  0.4935 -0.2464 -0.1624 -0.0017  0.1119
  6:  0.0197 -0.0436 -0.1720 -0.0178 -0.6303 -0.1474  0.2663 -0.4496  0.1158 -0.3877 -0.2889 -0.0606  0.1578
  7: -0.1021  0.0394 -0.0458 -0.0396 -0.4416 -0.3652  0.2238  0.6231 -0.3257  0.2567 -0.1439 -0.0487 -0.1504
  8: -0.0486  0.0427 -0.0864 -0.2168  0.4560 -0.4280 -0.0424 -0.3048 -0.5054 -0.0380 -0.4411 -0.0577 -0.0277
  9:  0.1274 -0.0710  0.0537  0.1128 -0.3065 -0.2591 -0.4118 -0.4307 -0.0615  0.6346  0.2008 -0.0052  0.0069
 10: -0.1380  0.0681  0.6503 -0.2685 -0.0323 -0.2928  0.1144 -0.0190 -0.1122 -0.1858  0.3943  0.0244  0.4217
  2:  0.6544 -0.2684 -0.1413 -0.2922  0.0223  0.1451  0.0304  0.1845 -0.0873  0.1411 -0.1205 -0.0057  0.5439
  1: -0.0156 -0.0922 -0.5987 -0.1783  0.0351 -0.2288  0.0591 -0.0266 -0.1387 -0.1806  0.5994  0.3597 -0.0516
 12:  0.3306  0.6376  0.1341 -0.0697 -0.1114  0.0587 -0.0820 -0.0133 -0.0369 -0.0351 -0.1522  0.6327 -0.1117
 13:  0.0423  0.4352 -0.1374 -0.6226 -0.0998  0.1516 -0.1101 -0.0405  0.0750  0.0340  0.1521 -0.5377 -0.1914
 14:  0.0055 -0.0458  0.0236  0.1774 -0.2409  0.2884 -0.5484  0.0944 -0.5740 -0.4084  0.0676 -0.1148  0.0313

Principal components
PC1 (e-value: 0.017519)
[-0.000797]  (n_\mathrm{P}/0.897976)^{-0.057877}
[0.013177]  (A_\mathrm{P}/10^{-9}/0.000000)^{0.242867}
[0.000004]  (z^{HeII}_i/4.070967)^{0.000537}
[0.000406]  (z^{HeII}_f/2.679670)^{0.015200}
[-0.002100]  (\alpha_{q}/2.875739)^{-0.052708}
[-0.000999]  (v_\mathrm{scale}/0.695141)^{-0.096918}
[0.002621]  (\Omega_M h^2/0.140850)^{0.560829}
[-0.002838]  (z^{HI}/7.267378)^{-0.055949}
[0.013460]  (\tau_0/1.220459)^{1.000000}
[-0.000320]   exp((d\tau_0--0.270400)/-91.398260)
[0.006799]   exp((\alpha_{lls}-0.041799)/2.711270)
[0.000870]   exp((\alpha_{dla}--0.008723)/3.924499)
[0.000113]  (fSiIII/0.008825)^{0.002553}
          = 1.000004 +- 0.002722

PC2 (e-value: 0.072193)
[-0.015839]  (n_\mathrm{P}/0.897976)^{-1.150148}
[-0.002282]  (A_\mathrm{P}/10^{-9}/0.000000)^{-0.042061}
[-0.000302]  (z^{HeII}_i/4.070967)^{-0.042891}
[-0.001259]  (z^{HeII}_f/2.679670)^{-0.047155}
[0.001138]  (\alpha_{q}/2.875739)^{0.028578}
[0.001234]  (v_\mathrm{scale}/0.695141)^{0.119680}
[-0.002053]  (\Omega_M h^2/0.140850)^{-0.439193}
[0.001968]  (z^{HI}/7.267378)^{0.038787}
[-0.007758]  (\tau_0/1.220459)^{-0.576380}
[-0.002666]   exp((d\tau_0--0.270400)/-10.987426)
[0.018433]   exp((\alpha_{lls}-0.041799)/1.000000)
[0.012580]   exp((\alpha_{dla}--0.008723)/0.271424)
[-0.001324]  (fSiIII/0.008825)^{-0.029963}
          = 1.000030 +- 0.007768

PC3 (e-value: 0.247727)
[0.020614]  (n_\mathrm{P}/0.897976)^{1.496899}
[0.016093]  (A_\mathrm{P}/10^{-9}/0.000000)^{0.296609}
[-0.006424]  (z^{HeII}_i/4.070967)^{-0.912289}
[-0.013414]  (z^{HeII}_f/2.679670)^{-0.502260}
[-0.003576]  (\alpha_{q}/2.875739)^{-0.089760}
[-0.006738]  (v_\mathrm{scale}/0.695141)^{-0.653686}
[0.004191]  (\Omega_M h^2/0.140850)^{0.896645}
[0.050729]  (z^{HI}/7.267378)^{1.000000}
[-0.011022]  (\tau_0/1.220459)^{-0.818827}
[-0.046703]   exp((d\tau_0--0.270400)/-0.627201)
[0.010461]   exp((\alpha_{lls}-0.041799)/1.762091)
[-0.010720]   exp((\alpha_{dla}--0.008723)/-0.318516)
[0.001839]  (fSiIII/0.008825)^{0.041613}
          = 1.000754 +- 0.038886

PC4 (e-value: 0.430977)
[0.002833]  (n_\mathrm{P}/0.897976)^{0.205720}
[-0.001294]  (A_\mathrm{P}/10^{-9}/0.000000)^{-0.023851}
[0.000289]  (z^{HeII}_i/4.070967)^{0.041041}
[0.000098]  (z^{HeII}_f/2.679670)^{0.003661}
[0.000217]  (\alpha_{q}/2.875739)^{0.005457}
[0.001189]  (v_\mathrm{scale}/0.695141)^{0.115366}
[-0.000618]  (\Omega_M h^2/0.140850)^{-0.132333}
[0.001473]  (z^{HI}/7.267378)^{0.029030}
[0.001602]  (\tau_0/1.220459)^{0.119042}
[0.000978]   exp((d\tau_0--0.270400)/29.950207)
[0.000382]   exp((\alpha_{lls}-0.041799)/48.251085)
[0.003415]   exp((\alpha_{dla}--0.008723)/1.000000)
[-0.000973]  (fSiIII/0.008825)^{-0.022012}
          = 1.000006 +- 0.003601

PC5 (e-value: 0.819918)
[0.005390]  (n_\mathrm{P}/0.897976)^{0.391390}
[-0.003142]  (A_\mathrm{P}/10^{-9}/0.000000)^{-0.057913}
[-0.001241]  (z^{HeII}_i/4.070967)^{-0.176187}
[0.026707]  (z^{HeII}_f/2.679670)^{1.000000}
[0.018712]  (\alpha_{q}/2.875739)^{0.469715}
[-0.019322]  (v_\mathrm{scale}/0.695141)^{-1.874635}
[0.012988]  (\Omega_M h^2/0.140850)^{2.779038}
[0.001366]  (z^{HI}/7.267378)^{0.026937}
[-0.000944]  (\tau_0/1.220459)^{-0.070153}
[-0.001488]   exp((d\tau_0--0.270400)/-19.686689)
[0.004720]   exp((\alpha_{lls}-0.041799)/3.905712)
[0.004228]   exp((\alpha_{dla}--0.008723)/0.807599)
[0.010209]  (fSiIII/0.008825)^{0.230991}
          = 1.000738 +- 0.038550

PC6 (e-value: 0.869787)
[-0.001947]  (n_\mathrm{P}/0.897976)^{-0.141379}
[0.004231]  (A_\mathrm{P}/10^{-9}/0.000000)^{0.077990}
[0.007041]  (z^{HeII}_i/4.070967)^{1.000000}
[0.002179]  (z^{HeII}_f/2.679670)^{0.081606}
[0.005401]  (\alpha_{q}/2.875739)^{0.135588}
[0.006330]  (v_\mathrm{scale}/0.695141)^{0.614188}
[0.003832]  (\Omega_M h^2/0.140850)^{0.819984}
[0.004331]  (z^{HI}/7.267378)^{0.085368}
[-0.002146]  (\tau_0/1.220459)^{-0.159448}
[0.003384]   exp((d\tau_0--0.270400)/8.655790)
[-0.000868]   exp((\alpha_{lls}-0.041799)/-21.237075)
[-0.002242]   exp((\alpha_{dla}--0.008723)/-1.523164)
[-0.004265]  (fSiIII/0.008825)^{-0.096509}
          = 1.000095 +- 0.013780

PC7 (e-value: 0.941834)
[0.001373]  (n_\mathrm{P}/0.897976)^{0.099730}
[-0.001808]  (A_\mathrm{P}/10^{-9}/0.000000)^{-0.033329}
[0.007041]  (z^{HeII}_i/4.070967)^{1.000000}
[-0.003236]  (z^{HeII}_f/2.679670)^{-0.121162}
[-0.002719]  (\alpha_{q}/2.875739)^{-0.068261}
[0.000515]  (v_\mathrm{scale}/0.695141)^{0.049983}
[0.005004]  (\Omega_M h^2/0.140850)^{1.070787}
[-0.001391]  (z^{HI}/7.267378)^{-0.027413}
[-0.000369]  (\tau_0/1.220459)^{-0.027418}
[-0.000718]   exp((d\tau_0--0.270400)/-40.792125)
[0.000996]   exp((\alpha_{lls}-0.041799)/18.507922)
[0.001338]   exp((\alpha_{dla}--0.008723)/2.551599)
[0.006664]  (fSiIII/0.008825)^{0.150788}
          = 1.000069 +- 0.011771

PC8 (e-value: 1.006763)
[-0.002248]  (n_\mathrm{P}/0.897976)^{-0.163212}
[-0.000700]  (A_\mathrm{P}/10^{-9}/0.000000)^{-0.012907}
[0.018534]  (z^{HeII}_i/4.070967)^{2.632240}
[-0.028745]  (z^{HeII}_f/2.679670)^{-1.076311}
[0.039837]  (\alpha_{q}/2.875739)^{1.000000}
[-0.019485]  (v_\mathrm{scale}/0.695141)^{-1.890479}
[-0.027540]  (\Omega_M h^2/0.140850)^{-5.892643}
[-0.001217]  (z^{HI}/7.267378)^{-0.023997}
[0.011794]  (\tau_0/1.220459)^{0.876200}
[-0.001700]   exp((d\tau_0--0.270400)/-17.233979)
[-0.000850]   exp((\alpha_{lls}-0.041799)/-21.681562)
[-0.002592]   exp((\alpha_{dla}--0.008723)/-1.317207)
[0.006039]  (fSiIII/0.008825)^{0.136628}
          = 1.002031 +- 0.063022

PC9 (e-value: 1.060526)
[-0.003317]  (n_\mathrm{P}/0.897976)^{-0.240867}
[-0.000118]  (A_\mathrm{P}/10^{-9}/0.000000)^{-0.002177}
[-0.037997]  (z^{HeII}_i/4.070967)^{-5.396511}
[-0.008918]  (z^{HeII}_f/2.679670)^{-0.333923}
[0.025075]  (\alpha_{q}/2.875739)^{0.629458}
[0.038915]  (v_\mathrm{scale}/0.695141)^{3.775606}
[0.004732]  (\Omega_M h^2/0.140850)^{1.012541}
[0.008641]  (z^{HI}/7.267378)^{0.170339}
[0.006719]  (\tau_0/1.220459)^{0.499173}
[0.010678]   exp((d\tau_0--0.270400)/2.743218)
[0.002845]   exp((\alpha_{lls}-0.041799)/6.479147)
[-0.005777]   exp((\alpha_{dla}--0.008723)/-0.591089)
[0.044197]  (fSiIII/0.008825)^{1.000000}
          = 1.003164 +- 0.080275

PC10 (e-value: 1.119620)
[-0.000273]  (n_\mathrm{P}/0.897976)^{-0.019845}
[-0.001824]  (A_\mathrm{P}/10^{-9}/0.000000)^{-0.033611}
[-0.001814]  (z^{HeII}_i/4.070967)^{-0.257672}
[-0.002855]  (z^{HeII}_f/2.679670)^{-0.106913}
[0.001891]  (\alpha_{q}/2.875739)^{0.047458}
[-0.000280]  (v_\mathrm{scale}/0.695141)^{-0.027181}
[0.004674]  (\Omega_M h^2/0.140850)^{1.000000}
[-0.001369]  (z^{HI}/7.267378)^{-0.026978}
[0.001039]  (\tau_0/1.220459)^{0.077198}
[-0.001330]   exp((d\tau_0--0.270400)/-22.024264)
[-0.000259]   exp((\alpha_{lls}-0.041799)/-71.229589)
[0.000250]   exp((\alpha_{dla}--0.008723)/13.640472)
[-0.003007]  (fSiIII/0.008825)^{-0.068045}
          = 1.000030 +- 0.007801

PC11 (e-value: 1.391570)
[-0.006235]  (n_\mathrm{P}/0.897976)^{-0.452777}
[0.009550]  (A_\mathrm{P}/10^{-9}/0.000000)^{0.176014}
[-0.007936]  (z^{HeII}_i/4.070967)^{-1.127031}
[-0.014116]  (z^{HeII}_f/2.679670)^{-0.528534}
[-0.007030]  (\alpha_{q}/2.875739)^{-0.176480}
[-0.021555]  (v_\mathrm{scale}/0.695141)^{-2.091253}
[0.009813]  (\Omega_M h^2/0.140850)^{2.099694}
[0.019270]  (z^{HI}/7.267378)^{0.379862}
[-0.005888]  (\tau_0/1.220459)^{-0.437460}
[0.029292]   exp((d\tau_0--0.270400)/1.000000)
[-0.007436]   exp((\alpha_{lls}-0.041799)/-2.478935)
[0.007435]   exp((\alpha_{dla}--0.008723)/0.459255)
[0.003305]  (fSiIII/0.008825)^{0.074770}
          = 1.001662 +- 0.057743

PC12 (e-value: 2.178064)
[0.008721]  (n_\mathrm{P}/0.897976)^{0.633302}
[-0.007614]  (A_\mathrm{P}/10^{-9}/0.000000)^{-0.140330}
[-0.000050]  (z^{HeII}_i/4.070967)^{-0.007149}
[-0.001764]  (z^{HeII}_f/2.679670)^{-0.066068}
[-0.001419]  (\alpha_{q}/2.875739)^{-0.035615}
[-0.001681]  (v_\mathrm{scale}/0.695141)^{-0.163048}
[-0.000150]  (\Omega_M h^2/0.140850)^{-0.032156}
[0.000710]  (z^{HI}/7.267378)^{0.013997}
[-0.000165]  (\tau_0/1.220459)^{-0.012249}
[0.010480]   exp((d\tau_0--0.270400)/2.794940)
[0.018433]   exp((\alpha_{lls}-0.041799)/1.000000)
[-0.015664]   exp((\alpha_{dla}--0.008723)/-0.217986)
[-0.003344]  (fSiIII/0.008825)^{-0.075664}
          = 1.000925 +- 0.043089

PC13 (e-value: 2.843501)
[-0.011207]  (n_\mathrm{P}/0.897976)^{-0.813818}
[-0.011279]  (A_\mathrm{P}/10^{-9}/0.000000)^{-0.207897}
[0.002769]  (z^{HeII}_i/4.070967)^{0.393275}
[0.003906]  (z^{HeII}_f/2.679670)^{0.146255}
[-0.003724]  (\alpha_{q}/2.875739)^{-0.093471}
[-0.000685]  (v_\mathrm{scale}/0.695141)^{-0.066503}
[0.000170]  (\Omega_M h^2/0.140850)^{0.036408}
[0.010437]  (z^{HI}/7.267378)^{0.205738}
[0.013460]  (\tau_0/1.220459)^{1.000000}
[-0.001278]   exp((d\tau_0--0.270400)/-22.928306)
[-0.002763]   exp((\alpha_{lls}-0.041799)/-6.670769)
[-0.004738]   exp((\alpha_{dla}--0.008723)/-0.720689)
[0.000776]  (fSiIII/0.008825)^{0.017554}
          = 1.000865 +- 0.041363

Correlations of principal components
       1       2       3       4       5       6       7       8       9      10      11      12      13
PC 1   1.000   0.000  -0.001  -0.000  -0.000  -0.000  -0.000  -0.001   0.000  -0.000  -0.001  -0.000  -0.004
PC 2   0.000   1.000   0.001  -0.000   0.000   0.000   0.000  -0.001  -0.000  -0.000   0.001   0.000   0.001
PC 3  -0.001   0.001   1.000   0.000  -0.001   0.000  -0.000  -0.000   0.001  -0.001   0.000   0.000   0.002
PC 4  -0.000  -0.000   0.000   1.000  -0.001  -0.000  -0.000  -0.002  -0.001  -0.000  -0.001  -0.000  -0.002
PC 5  -0.000   0.000  -0.001  -0.001   1.000   0.000  -0.001  -0.009  -0.005  -0.004   0.002  -0.001   0.003
PC 6  -0.000   0.000   0.000  -0.000   0.000   1.000  -0.002  -0.008  -0.008   0.001  -0.001   0.002   0.000
PC 7  -0.000   0.000  -0.000  -0.000  -0.001  -0.002   1.000   0.001  -0.009   0.002  -0.001  -0.000  -0.002
PC 8  -0.001  -0.001  -0.000  -0.002  -0.009  -0.008   0.001   1.000  -0.016  -0.005  -0.003   0.001   0.002
PC 9   0.000  -0.000   0.001  -0.001  -0.005  -0.008  -0.009  -0.016   1.000   0.003   0.006   0.000  -0.004
PC10  -0.000  -0.000  -0.001  -0.000  -0.004   0.001   0.002  -0.005   0.003   1.000   0.000  -0.001  -0.003
PC11  -0.001   0.001   0.000  -0.001   0.002  -0.001  -0.001  -0.003   0.006   0.000   1.000  -0.001   0.000
PC12  -0.000   0.000   0.000  -0.000  -0.001   0.002  -0.000   0.001   0.000  -0.001  -0.001   1.000  -0.004
PC13  -0.004   0.001   0.002  -0.002   0.003   0.000  -0.002   0.002  -0.004  -0.003   0.000  -0.004   1.000
   1  -0.002  -0.025  -0.298   0.117  -0.033   0.214  -0.057  -0.027   0.144  -0.191   0.705   0.532  -0.088   (d\tau_0)
   2   0.086  -0.072  -0.071   0.192  -0.020  -0.136  -0.031   0.189   0.086   0.149  -0.144  -0.011   0.915   (\tau_0)
   3  -0.006  -0.147   0.132   0.339   0.113  -0.123   0.110  -0.038  -0.043  -0.039  -0.151   0.442  -0.766   (n_\mathrm{P})
   4   0.083  -0.021   0.104  -0.154  -0.068   0.267  -0.144  -0.015   0.000  -0.262   0.231  -0.382  -0.765   (A_\mathrm{P}/10^{-9})
   5   0.000  -0.003  -0.041   0.035  -0.026   0.442   0.559   0.293  -0.523  -0.261  -0.195  -0.003   0.188   (z^{HeII}_i)
   6   0.003  -0.011  -0.085   0.012   0.578   0.138  -0.259  -0.450  -0.118  -0.409  -0.336  -0.090   0.268   (z^{HeII}_f)
   7  -0.014   0.010  -0.023   0.025   0.393   0.340  -0.218   0.618   0.326   0.270  -0.171  -0.071  -0.257   (\alpha_{q})
   8  -0.007   0.012  -0.042   0.142  -0.411   0.400   0.041  -0.311   0.517  -0.040  -0.520  -0.085  -0.047   (v_\mathrm{scale})
   9   0.017  -0.019   0.026  -0.074   0.277   0.243   0.402  -0.434   0.064   0.673   0.238  -0.008   0.011   (\Omega_M h^2)
  10  -0.025   0.020   0.326   0.175   0.032   0.273  -0.111  -0.019   0.114  -0.198   0.464   0.035   0.711   (z^{HI})
  11  -0.028   0.084   0.021   0.074   0.011  -0.025   0.031   0.033   0.002   0.011   0.051   0.003   0.046   (\epsilon_{AGN})
  12   0.044   0.171   0.066   0.046   0.099  -0.055   0.080  -0.013   0.037  -0.037  -0.181   0.933  -0.191   (\alpha_{lls})
  13   0.006   0.117  -0.068   0.409   0.090  -0.141   0.107  -0.042  -0.075   0.036   0.181  -0.793  -0.321   (\alpha_{dla})
  14   0.001  -0.012   0.012  -0.116   0.217  -0.269   0.533   0.096   0.585  -0.431   0.081  -0.169   0.052   (fSiIII)
  15  -0.053   0.025   0.051  -0.066   0.104  -0.084  -0.135  -0.566   0.092  -0.028   0.123  -0.066  -0.094   (\chi^2)
  16  -0.053   0.025   0.051  -0.066   0.104  -0.084  -0.135  -0.566   0.092  -0.028   0.123  -0.066  -0.094   (\chi^2_\mathrm{lyaemu.likelihood.CobayaLikelihoodClass})
  17   0.088   0.069   0.022  -0.362  -0.137   0.342  -0.211   0.008   0.029  -0.236   0.323  -0.653  -0.288   (A_\mathrm{s}/10^{-9})
  18   0.094   0.042   0.056  -0.355  -0.014   0.298  -0.154  -0.002  -0.060  -0.155   0.434  -0.591  -0.422   (\sigma_8)
  19   0.088  -0.024   0.117  -0.219   0.108   0.189  -0.083  -0.000  -0.144  -0.119   0.435  -0.365  -0.715   (\Delta_L^2)
  20  -0.005  -0.148   0.137   0.322   0.162  -0.141   0.130  -0.037  -0.082   0.004  -0.093   0.447  -0.760   (n_\mathrm{eff})

FPS z = $2.6$ - $4.6$
\begin{tabular} { l  c}

 Parameter &  68\% limits\\
\hline
{\boldmath$d\tau_0        $} & $-0.013^{+0.047}_{-0.041}  $\\

{\boldmath$\tau_0         $} & $1.082^{+0.018}_{-0.026}   $\\

{\boldmath$n_\mathrm{P}   $} & $1.009^{+0.027}_{-0.018}   $\\

{\boldmath$A_\mathrm{P}/10^{-9}$} & $\left(\,1.69^{+0.14}_{-0.15}\,\right)\cdot 10^{-9}$\\

{\boldmath$z^{HeII}_i     $} & ---                         \\

{\boldmath$z^{HeII}_f     $} & $< 2.67                    $\\

{\boldmath$\alpha_{q}     $} & $> 2.86                    $\\

{\boldmath$v_\mathrm{scale}$} & $0.6927\pm 0.0085          $\\

{\boldmath$\Omega_M h^2   $} & $< 0.142                   $\\

{\boldmath$z^{HI}         $} & $< 7.01                    $\\

{\boldmath$\epsilon_{AGN} $} & $0.0485\pm 0.0035          $\\

{\boldmath$\alpha_{lls}   $} & $0.193\pm 0.035            $\\

{\boldmath$\alpha_{dla}   $} & $-0.0028\pm 0.0064         $\\

{\boldmath$fSiIII         $} & $0.00963\pm 0.00051        $\\

$\chi^2                    $ & $1066.1\pm 5.8             $\\

$\chi^2_\mathrm{lyaemu.likelihood.CobayaLikelihoodClass}$ & $1066.1\pm 5.8             $\\

$A_\mathrm{s}/10^{-9}      $ & $1.65^{+0.12}_{-0.14}      $\\

$\sigma_8                  $ & $0.733^{+0.026}_{-0.029}   $\\

$\Delta_L^2                $ & $0.302^{+0.024}_{-0.027}   $\\

$n_\mathrm{eff}            $ & $-2.264^{+0.026}_{-0.018}  $\\
\hline
\end{tabular}
\begin{tabular} { l  c}

 Parameter &  95\% limits\\
\hline
{\boldmath$d\tau_0        $} & $-0.013^{+0.083}_{-0.089}  $\\

{\boldmath$\tau_0         $} & $1.082^{+0.046}_{-0.041}   $\\

{\boldmath$n_\mathrm{P}   $} & $1.009^{+0.040}_{-0.039}   $\\

{\boldmath$A_\mathrm{P}/10^{-9}$} & $\left(\,1.69^{+0.30}_{-0.28}\,\right)\cdot 10^{-9}$\\

{\boldmath$z^{HeII}_i     $} & ---                         \\

{\boldmath$z^{HeII}_f     $} & $< 2.80                    $\\

{\boldmath$\alpha_{q}     $} & $> 2.64                    $\\

{\boldmath$v_\mathrm{scale}$} & $0.693^{+0.018}_{-0.017}   $\\

{\boldmath$\Omega_M h^2   $} & $< 0.144                   $\\

{\boldmath$z^{HI}         $} & $< 7.57                    $\\

{\boldmath$\epsilon_{AGN} $} & $0.0485^{+0.0069}_{-0.0070}$\\

{\boldmath$\alpha_{lls}   $} & $0.193^{+0.069}_{-0.069}   $\\

{\boldmath$\alpha_{dla}   $} & $-0.003^{+0.012}_{-0.013}  $\\

{\boldmath$fSiIII         $} & $0.00963^{+0.00098}_{-0.0010}$\\

$\chi^2                    $ & $1066.1\,({\nu\rm{:}\,16.9})$\\

$\chi^2_\mathrm{lyaemu.likelihood.CobayaLikelihoodClass}$ & $1066.1\,({\nu\rm{:}\,16.9})$\\

$A_\mathrm{s}/10^{-9}      $ & $1.65^{+0.27}_{-0.25}      $\\

$\sigma_8                  $ & $0.733^{+0.057}_{-0.053}   $\\

$\Delta_L^2                $ & $0.302^{+0.053}_{-0.047}   $\\

$n_\mathrm{eff}            $ & $-2.264^{+0.038}_{-0.042}  $\\
\hline
\end{tabular}
[[ 1.00000000e+00 -4.96713959e-01  4.89193843e-01  2.47722492e-01
  -5.53064884e-01 -1.78831475e-01 -1.40619030e-02 -1.72794164e-01
   6.06392071e-02  4.56637971e-02  1.52478294e-01  3.73252294e-01
   7.45634444e-03 -1.98848336e-04 -7.95913167e-02 -7.95913167e-02
  -8.89881679e-02  4.87654787e-02  2.94992865e-01  5.03468970e-01]
 [-4.96713959e-01  1.00000000e+00 -7.77313543e-01 -7.96518517e-01
   5.51655908e-01  2.64734393e-01 -1.05630559e-01  8.32166614e-02
   2.96929210e-02  5.09579744e-01 -1.46419014e-01 -1.67357565e-01
  -3.99840161e-01  7.22490979e-03  2.44531619e-01  2.44531619e-01
  -2.90902857e-01 -4.90151548e-01 -8.08038968e-01 -7.81275365e-01]
 [ 4.89193843e-01 -7.77313543e-01  1.00000000e+00  4.42037815e-01
  -6.40716686e-01 -2.67150225e-01  1.82093414e-01 -5.35500111e-02
  -1.31465625e-01 -5.40251499e-01  1.71429015e-01  5.48210980e-01
   2.62908042e-01  7.67095353e-03 -3.35365614e-01 -3.35365614e-01
  -2.56186660e-01 -6.33375455e-02  4.05438535e-01  9.96246254e-01]
 [ 2.47722492e-01 -7.96518517e-01  4.42037815e-01  1.00000000e+00
  -3.91884506e-01 -2.61043329e-01  1.91074778e-01  1.63466376e-02
  -2.92651350e-01 -3.11172691e-01  6.44518149e-02 -3.50495135e-01
   6.28060388e-01  1.35260900e-02 -2.43433551e-01 -2.43433551e-01
   7.52305697e-01  8.44637584e-01  9.41458633e-01  4.23231332e-01]
 [-5.53064884e-01  5.51655908e-01 -6.40716686e-01 -3.91884506e-01
   1.00000000e+00  3.24761980e-01 -2.58299562e-01 -2.99169156e-02
   3.01788971e-02  4.54309844e-01 -1.96603368e-01 -2.21064413e-01
  -2.81331876e-01 -3.63633364e-02  3.51298011e-01  3.51298011e-01
   4.31537108e-02 -8.80305497e-02 -3.70278094e-01 -6.38133714e-01]
 [-1.78831475e-01  2.64734393e-01 -2.67150225e-01 -2.61043329e-01
   3.24761980e-01  1.00000000e+00 -1.08721190e-01  4.42009453e-02
  -2.66646072e-02  2.00911793e-01 -8.44246808e-02  2.95821786e-04
  -2.06920105e-01  4.42305023e-02  3.70227655e-01  3.70227655e-01
  -8.84923921e-02 -1.64085655e-01 -2.76073171e-01 -2.71739103e-01]
 [-1.40619030e-02 -1.05630559e-01  1.82093414e-01  1.91074778e-01
  -2.58299562e-01 -1.08721190e-01  1.00000000e+00  5.72206720e-02
  -1.09272261e-01 -1.85360485e-01  5.19985773e-02  4.58364628e-02
   9.26917380e-02 -3.67715076e-03 -4.28327615e-01 -4.28327615e-01
   7.68926858e-02  9.61350667e-02  1.53946646e-01  1.72293166e-01]
 [-1.72794164e-01  8.32166614e-02 -5.35500111e-02  1.63466376e-02
  -2.99169156e-02  4.42009453e-02  5.72206720e-02  1.00000000e+00
  -5.15036890e-02 -8.52821907e-02 -5.30205240e-02 -3.44607986e-02
  -8.10935252e-02  8.55284031e-02 -2.98657793e-03 -2.98657793e-03
   5.91712461e-02 -9.03382818e-02 -2.31295323e-01 -1.12919406e-01]
 [ 6.06392071e-02  2.96929210e-02 -1.31465625e-01 -2.92651350e-01
   3.01788971e-02 -2.66646072e-02 -1.09272261e-01 -5.15036890e-02
   1.00000000e+00  1.63728835e-01  3.99893146e-02 -5.78095509e-04
  -1.03111944e-01 -4.62550704e-02  2.57117013e-01  2.57117013e-01
  -2.21056678e-01 -8.01716383e-02 -4.79541142e-02 -6.54134492e-02]
 [ 4.56637971e-02  5.09579744e-01 -5.40251499e-01 -3.11172691e-01
   4.54309844e-01  2.00911793e-01 -1.85360485e-01 -8.52821907e-02
   1.63728835e-01  1.00000000e+00 -9.08343041e-02 -2.15459103e-01
  -1.92320178e-01 -6.45000234e-03  3.82993521e-01  3.82993521e-01
   5.74685352e-02 -2.10575350e-02 -2.45415484e-01 -5.25961122e-01]
 [ 1.52478294e-01 -1.46419014e-01  1.71429015e-01  6.44518149e-02
  -1.96603368e-01 -8.44246808e-02  5.19985773e-02 -5.30205240e-02
   3.99893146e-02 -9.08343041e-02  1.00000000e+00  7.81326393e-02
   1.00430732e-01  1.82600321e-02 -7.99492024e-02 -7.99492024e-02
  -5.50479051e-02 -5.83178636e-03  8.32263593e-02  1.77196522e-01]
 [ 3.73252294e-01 -1.67357565e-01  5.48210980e-01 -3.50495135e-01
  -2.21064413e-01  2.95821786e-04  4.58364628e-02 -3.44607986e-02
  -5.78095509e-04 -2.15459103e-01  7.81326393e-02  1.00000000e+00
  -5.47595013e-01 -4.10244918e-02 -1.15660104e-01 -1.15660104e-01
  -7.76861738e-01 -6.98359571e-01 -3.69296851e-01  5.50993463e-01]
 [ 7.45634444e-03 -3.99840161e-01  2.62908042e-01  6.28060388e-01
  -2.81331876e-01 -2.06920105e-01  9.26917380e-02 -8.10935252e-02
  -1.03111944e-01 -1.92320178e-01  1.00430732e-01 -5.47595013e-01
   1.00000000e+00  1.33626735e-01 -1.45763508e-01 -1.45763508e-01
   4.83289019e-01  5.65814232e-01  6.32103605e-01  2.61303391e-01]
 [-1.98848336e-04  7.22490979e-03  7.67095353e-03  1.35260900e-02
  -3.63633364e-02  4.42305023e-02 -3.67715076e-03  8.55284031e-02
  -4.62550704e-02 -6.45000234e-03  1.82600321e-02 -4.10244918e-02
   1.33626735e-01  1.00000000e+00 -1.13553139e-02 -1.13553139e-02
   8.98098530e-03 -7.92819429e-03 -1.73357830e-02 -3.02607931e-05]
 [-7.95913167e-02  2.44531619e-01 -3.35365614e-01 -2.43433551e-01
   3.51298011e-01  3.70227655e-01 -4.28327615e-01 -2.98657793e-03
   2.57117013e-01  3.82993521e-01 -7.99492024e-02 -1.15660104e-01
  -1.45763508e-01 -1.13553139e-02  1.00000000e+00  1.00000000e+00
  -1.58280170e-02 -5.46950599e-02 -1.78831572e-01 -3.19542733e-01]
 [-7.95913167e-02  2.44531619e-01 -3.35365614e-01 -2.43433551e-01
   3.51298011e-01  3.70227655e-01 -4.28327615e-01 -2.98657793e-03
   2.57117013e-01  3.82993521e-01 -7.99492024e-02 -1.15660104e-01
  -1.45763508e-01 -1.13553139e-02  1.00000000e+00  1.00000000e+00
  -1.58280170e-02 -5.46950599e-02 -1.78831572e-01 -3.19542733e-01]
 [-8.89881679e-02 -2.90902857e-01 -2.56186660e-01  7.52305697e-01
   4.31537108e-02 -8.84923921e-02  7.68926858e-02  5.91712461e-02
  -2.21056678e-01  5.74685352e-02 -5.50479051e-02 -7.76861738e-01
   4.83289019e-01  8.98098530e-03 -1.58280170e-02 -1.58280170e-02
   1.00000000e+00  9.56564936e-01  7.15275597e-01 -2.73961772e-01]
 [ 4.87654787e-02 -4.90151548e-01 -6.33375455e-02  8.44637584e-01
  -8.80305497e-02 -1.64085655e-01  9.61350667e-02 -9.03382818e-02
  -8.01716383e-02 -2.10575350e-02 -5.83178636e-03 -6.98359571e-01
   5.65814232e-01 -7.92819429e-03 -5.46950599e-02 -5.46950599e-02
   9.56564936e-01  1.00000000e+00  8.73523911e-01 -6.34999448e-02]
 [ 2.94992865e-01 -8.08038968e-01  4.05438535e-01  9.41458633e-01
  -3.70278094e-01 -2.76073171e-01  1.53946646e-01 -2.31295323e-01
  -4.79541142e-02 -2.45415484e-01  8.32263593e-02 -3.69296851e-01
   6.32103605e-01 -1.73357830e-02 -1.78831572e-01 -1.78831572e-01
   7.15275597e-01  8.73523911e-01  1.00000000e+00  4.15959785e-01]
 [ 5.03468970e-01 -7.81275365e-01  9.96246254e-01  4.23231332e-01
  -6.38133714e-01 -2.71739103e-01  1.72293166e-01 -1.12919406e-01
  -6.54134492e-02 -5.25961122e-01  1.77196522e-01  5.50993463e-01
   2.61303391e-01 -3.02607931e-05 -3.19542733e-01 -3.19542733e-01
  -2.73961772e-01 -6.34999448e-02  4.15959785e-01  1.00000000e+00]]
PCA for parameters:
         3 :ln(n_\mathrm{P})
         4 :ln(A_\mathrm{P}/10^{-9})
         5 :ln(z^{HeII}_i)
         6 :ln(z^{HeII}_f)
         7 :ln(\alpha_{q})
         8 :ln(v_\mathrm{scale})
         9 :ln(\Omega_M h^2)
        10 :ln(z^{HI})
         2 :ln(\tau_0)
         1 :d\tau_0
        12 :ln(\alpha_{lls})
        13 :\alpha_{dla}
        14 :ln(fSiIII)

Correlation matrix for reduced parameters
          ns :  1.0000  0.4493 -0.6407 -0.2677  0.1831 -0.0527 -0.1313 -0.5412 -0.7773  0.4890  0.5476  0.2632  0.0077
          Ap :  0.4493  1.0000 -0.3944 -0.2650  0.1969  0.0144 -0.2965 -0.3178 -0.8037  0.2536 -0.3400  0.6285  0.0136
       herei : -0.6407 -0.3944  1.0000  0.3237 -0.2569 -0.0287  0.0272  0.4530  0.5492 -0.5537 -0.2194 -0.2797 -0.0358
       heref : -0.2677 -0.2650  0.3237  1.0000 -0.1084  0.0441 -0.0269  0.1994  0.2639 -0.1784  0.0006 -0.2073  0.0444
      alphaq :  0.1831  0.1969 -0.2569 -0.1084  1.0000  0.0596 -0.1100 -0.1850 -0.1049 -0.0148  0.0425  0.0934 -0.0042
         hub : -0.0527  0.0144 -0.0287  0.0441  0.0596  1.0000 -0.0516 -0.0867  0.0835 -0.1727 -0.0401 -0.0813  0.0856
    omegamh2 : -0.1313 -0.2965  0.0272 -0.0269 -0.1100 -0.0516  1.0000  0.1639  0.0294  0.0605  0.0022 -0.1033 -0.0461
    hireionz : -0.5412 -0.3178  0.4530  0.1994 -0.1850 -0.0867  0.1639  1.0000  0.5085  0.0466 -0.2164 -0.1920 -0.0067
        tau0 : -0.7773 -0.8037  0.5492  0.2639 -0.1049  0.0835  0.0294  0.5085  1.0000 -0.4963 -0.1668 -0.3998  0.0071
       dtau0 :  0.4890  0.2536 -0.5537 -0.1784 -0.0148 -0.1727  0.0605  0.0466 -0.4963  1.0000  0.3703  0.0075 -0.0005
       a_lls :  0.5476 -0.3400 -0.2194  0.0006  0.0425 -0.0401  0.0022 -0.2164 -0.1668  0.3703  1.0000 -0.5374 -0.0413
       a_dla :  0.2632  0.6285 -0.2797 -0.2073  0.0934 -0.0813 -0.1033 -0.1920 -0.3998  0.0075 -0.5374  1.0000  0.1334
      fSiIII :  0.0077  0.0136 -0.0358  0.0444 -0.0042  0.0856 -0.0461 -0.0067  0.0071 -0.0005 -0.0413  0.1334  1.0000

e-values of correlation matrix
PC 1:   0.0108
PC 2:   0.0471
PC 3:   0.1701
PC 4:   0.3644
PC 5:   0.4966
PC 6:   0.7836
PC 7:   0.8329
PC 8:   0.9000
PC 9:   1.0060
PC10:   1.0484
PC11:   1.3419
PC12:   2.0404
PC13:   3.9579

e-vectors
  3: -0.0447  0.6733 -0.1588 -0.4873  0.1031 -0.0554  0.0898  0.0733 -0.0918  0.0533 -0.0727 -0.2205 -0.4356
  4: -0.6505 -0.0765 -0.2073  0.2473  0.3254 -0.0360 -0.2211  0.0527 -0.1558  0.0053  0.0579  0.3750 -0.3737
  5: -0.0291  0.1286  0.4942 -0.1649  0.6786  0.0127  0.1161  0.1096 -0.2358 -0.0342  0.0027  0.1171  0.3932
  6: -0.0324  0.0153 -0.0224  0.0149 -0.1951 -0.7551 -0.1919  0.0674 -0.4234  0.3201 -0.1357 -0.0465  0.2147
  7:  0.0664  0.0049  0.1173 -0.0054  0.1874 -0.3281 -0.0938 -0.7259  0.2159 -0.3173 -0.3663  0.0491 -0.1393
  8:  0.0400 -0.0187  0.1023 -0.1472  0.0611  0.0852 -0.5772  0.3839  0.4250  0.1654 -0.5116  0.0617  0.0286
  9: -0.1884  0.0259 -0.0194  0.0058  0.1501 -0.4872  0.1546  0.2112  0.6570 -0.0701  0.4090 -0.1537  0.0874
 10:  0.1122 -0.0499 -0.4439 -0.3658  0.2015  0.1090 -0.4664 -0.3213 -0.0059  0.1337  0.4123  0.0211  0.3041
  2: -0.6613  0.2509  0.1070 -0.1596 -0.3959  0.1811  0.0292 -0.2089  0.0928 -0.0485 -0.1157 -0.0168  0.4518
  1: -0.0454  0.1087  0.6034  0.1720 -0.1076  0.0775 -0.4155 -0.1829 -0.0200  0.2132  0.3959 -0.3012 -0.2748
 12: -0.2816 -0.5802 -0.0237 -0.2857  0.1688  0.0451  0.0992 -0.0114 -0.1048  0.0509 -0.1698 -0.6384 -0.1072
 13: -0.0096 -0.3296  0.2967 -0.6066 -0.2529 -0.1096  0.1177 -0.0013  0.0323  0.0675  0.1592  0.5062 -0.2413
 14: -0.0072  0.0216 -0.0366  0.1173  0.1490  0.0913  0.3348 -0.2756  0.2293  0.8293 -0.1244  0.0991 -0.0137

Principal components
PC1 (e-value: 0.010841)
[0.001395]  (n_\mathrm{P}/1.008554)^{0.064466}
[0.020298]  (A_\mathrm{P}/10^{-9}/0.000000)^{0.232422}
[0.000909]  (z^{HeII}_i/3.756522)^{0.018397}
[0.001010]  (z^{HeII}_f/2.664571)^{0.042060}
[-0.002073]  (\alpha_{q}/2.876148)^{-0.046720}
[-0.001248]  (v_\mathrm{scale}/0.692641)^{-0.101116}
[0.005879]  (\Omega_M h^2/0.141685)^{0.661483}
[-0.003500]  (z^{HI}/6.908818)^{-0.075947}
[0.020635]  (\tau_0/1.081637)^{1.000000}
[0.001416]   exp((d\tau_0--0.013397)/31.058285)
[0.008786]  (\alpha_{lls}/0.189582)^{0.045755}
[0.000298]   exp((\alpha_{dla}--0.002809)/21.485662)
[0.000226]  (fSiIII/0.009617)^{0.004276}
          = 1.000005 +- 0.003248

PC2 (e-value: 0.047061)
[0.021645]  (n_\mathrm{P}/1.008554)^{1.000000}
[-0.002459]  (A_\mathrm{P}/10^{-9}/0.000000)^{-0.028152}
[0.004133]  (z^{HeII}_i/3.756522)^{0.083646}
[0.000493]  (z^{HeII}_f/2.664571)^{0.020507}
[0.000158]  (\alpha_{q}/2.876148)^{0.003558}
[-0.000600]  (v_\mathrm{scale}/0.692641)^{-0.048611}
[0.000833]  (\Omega_M h^2/0.141685)^{0.093676}
[-0.001604]  (z^{HI}/6.908818)^{-0.034805}
[0.008067]  (\tau_0/1.081637)^{0.390913}
[0.003493]   exp((d\tau_0--0.013397)/12.590384)
[-0.018653]  (\alpha_{lls}/0.189582)^{-0.097147}
[-0.010597]   exp((\alpha_{dla}--0.002809)/-0.605078)
[0.000695]  (fSiIII/0.009617)^{0.013174}
          = 1.000024 +- 0.006978

PC3 (e-value: 0.170055)
[-0.011575]  (n_\mathrm{P}/1.008554)^{-0.534786}
[-0.015112]  (A_\mathrm{P}/10^{-9}/0.000000)^{-0.173040}
[0.036024]  (z^{HeII}_i/3.756522)^{0.728996}
[-0.001636]  (z^{HeII}_f/2.664571)^{-0.068098}
[0.008547]  (\alpha_{q}/2.876148)^{0.192617}
[0.007455]  (v_\mathrm{scale}/0.692641)^{0.604276}
[-0.001416]  (\Omega_M h^2/0.141685)^{-0.159310}
[-0.032353]  (z^{HI}/6.908818)^{-0.702018}
[0.007799]  (\tau_0/1.081637)^{0.377955}
[0.043981]   exp((d\tau_0--0.013397)/1.000000)
[-0.001725]  (\alpha_{lls}/0.189582)^{-0.008986}
[0.021627]   exp((\alpha_{dla}--0.002809)/0.296479)
[-0.002668]  (fSiIII/0.009617)^{-0.050555}
          = 1.000452 +- 0.030075

PC4 (e-value: 0.364424)
[0.005151]  (n_\mathrm{P}/1.008554)^{0.237969}
[-0.002614]  (A_\mathrm{P}/10^{-9}/0.000000)^{-0.029933}
[0.001743]  (z^{HeII}_i/3.756522)^{0.035273}
[-0.000158]  (z^{HeII}_f/2.664571)^{-0.006569}
[0.000057]  (\alpha_{q}/2.876148)^{0.001277}
[0.001556]  (v_\mathrm{scale}/0.692641)^{0.126137}
[-0.000061]  (\Omega_M h^2/0.141685)^{-0.006913}
[0.003866]  (z^{HI}/6.908818)^{0.083896}
[0.001687]  (\tau_0/1.081637)^{0.081766}
[-0.001818]   exp((d\tau_0--0.013397)/-24.197594)
